25
44
44
43
25
10
6
3
49
3
43
12
6
28
2
57
24
33
44
43
27
20
5
4
13
54
39
36
34
8
14
2
8
46
35
43
40
9
17
2
46
12
42
29
10
35
2
24

28
27
45
44
22
23
5
6
3
65
14
29
30
4
53
2
53
2
38
8
7
22
2
68
22
31
46
45
26
20
6
5
14
42
37
42
35
13
14
3
61
4
32
13
5
27
2
56

43
11
45
32
10
35
2
22
36
18
47
39
14
31
3
12
22
21
47
43
24
27
7
9
3
62
8
31
22
5
67
2
23
22
47
46
25
25
5
7
35
4
46
14
15
28
4
54

31
15
45
37
19
31
5
17
18
58
36
34
31
6
15
2
67
3
27
8
4
23
2
66
50
5
41
18
7
32
2
45
45
22
42
39
11
28
2
11
4
49
16
40
34
9
46
2

18
25
46
50
28
21
8
4
29
23
49
41
18
28
4
8
16
44
44
40
29
12
11
4
35
18
48
41
13
32
4
9
14
19
39
42
33
24
14
15
31
4
52
18
14
35
3
43

14
55
33
36
32
8
21
1
47
11
40
27
11
35
2
27
2
66
8
29
22
4
68
1
44
6
40
18
13
31
3
45
2
74
6
22
18
2
74
2
39
17
42
33
16
31
3
19

20
52
41
39
30
7
9
2
8
27
37
45
36
22
19
6
2
47
10
42
25
9
63
2
11
54
30
39
36
6
23
1
39
7
49
23
10
35
2
35
18
29
51
46
26
21
5
4

27
11
49
27
18
38
6
24
5
44
11
40
30
10
54
6
9
26
31
46
41
21
19
7
8
20
25
46
41
25
26
9
8
32
22
45
38
16
32
7
27
7
47
18
18
30
8
45

6
49
13
37
28
9
53
5
11
25
38
49
39
20
12
6
20
19
48
44
25
29
7
8
36
11
46
29
12
41
6
19
6
42
12
42
30
11
52
5
9
37
25
44
42
13
24
6

6
49
18
37
42
10
34
4
6
39
21
46
46
11
27
4
12
24
46
50
34
21
8
5
40
5
44
12
11
32
5
51
16
14
49
39
28
35
7
12
57
6
32
9
7
21
4
64

13
32
44
49
35
15
8
4
15
8
50
27
27
38
8
27
9
25
33
53
45
18
13
4
12
20
46
50
34
24
8
6
7
34
31
50
48
12
14
4
4
42
10
43
23
10
63
5

58
6
30
8
7
18
5
68
6
32
20
46
43
16
31
6
6
13
22
35
39
33
33
19
8
35
24
47
43
13
25
5
28
7
52
17
14
35
6
41
14
16
45
44
32
30
9
10

17
24
51
48
26
22
6
6
8
42
31
45
46
10
16
4
5
25
14
49
38
20
43
6
26
6
53
16
16
33
5
45
10
31
39
49
41
16
10
4
27
7
53
23
16
39
4
31

5
73
8
18
15
5
72
4
51
7
35
15
9
31
5
47
17
22
44
45
31
24
9
9
37
18
42
36
16
30
5
16
68
6
22
8
6
14
4
72
21
12
49
32
23
37
7
19

24
18
50
44
20
30
6
8
9
38
26
44
41
13
24
5
11
32
39
46
39
17
11
5
15
16
48
38
28
33
9
13
13
41
36
43
40
11
11
5
5
56
8
33
16
7
71
4

14
43
34
41
34
11
18
5
6
36
18
46
36
13
40
5
4
48
11
39
32
9
53
4
10
43
29
40
37
12
24
5
4
71
7
20
13
5
76
4
61
7
28
16
7
32
4
45

8
37
30
49
45
11
17
3
3
50
8
39
21
8
68
3
7
17
34
49
43
28
16
6
3
51
17
40
41
7
39
2
25
15
54
41
17
35
4
9
44
4
45
14
8
34
3
48

3
53
7
37
29
7
61
3
9
25
33
50
39
20
19
5
28
9
54
20
13
38
5
33
25
9
49
22
21
38
5
31
11
47
23
39
40
10
26
4
4
31
21
51
40
13
35
5

10
43
35
45
38
9
17
3
10
45
35
44
39
8
16
3
21
14
53
38
22
36
4
12
6
10
21
31
38
32
35
27
15
39
39
48
38
10
8
3
22
11
50
41
23
34
5
14

10
34
26
49
42
13
22
4
4
42
20
44
42
10
34
4
20
26
48
48
26
22
6
4
3
52
8
38
27
7
62
3
3
50
14
40
24
8
59
2
11
39
29
48
44
10
16
3

3
58
9
34
28
5
60
3
8
7
35
26
38
38
19
29
6
11
27
36
41
34
26
19
47
5
41
15
9
41
3
39
36
4
46
9
14
27
4
60
8
32
22
47
39
17
31
4

17
27
44
48
30
20
9
5
10
35
36
48
42
13
12
4
4
52
12
38
32
7
52
3
33
5
49
16
14
33
4
46
22
13
51
36
21
38
6
13
21
5
46
17
25
34
8
44

4
65
8
27
22
5
66
3
54
10
34
23
9
34
3
33
4
49
15
38
30
10
51
3
7
46
15
39
31
11
47
4
41
10
45
21
11
35
3
35
68
4
25
8
4
23
3
65

49
5
41
10
7
26
3
59
3
61
9
31
27
5
61
3
24
24
46
41
23
27
7
8
7
47
26
40
39
10
28
3
14
34
40
42
34
20
12
4
12
24
36
41
36
24
16
11

6
42
21
43
38
11
35
4
3
77
4
18
10
3
83
2
39
8
43
24
14
34
4
34
39
15
40
31
16
32
5
22
24
19
43
38
26
30
7
13
3
46
9
43
20
8
68
3

20
21
53
46
22
27
5
6
3
35
12
49
29
12
56
4
33
18
50
39
14
33
3
10
5
41
19
45
43
11
33
3
40
10
47
31
10
39
3
20
45
4
43
12
9
29
3
55

7
25
24
47
39
21
30
7
10
9
38
29
34
37
18
25
29
18
47
41
18
32
6
9
9
14
37
35
39
35
15
16
11
23
41
49
37
21
11
7
38
6
47
12
11
31
4
51

19
36
47
47
28
14
6
3
3
59
7
33
17
5
73
3
4
65
10
28
27
4
59
3
17
16
47
40
29
34
7
10
18
20
48
45
28
27
6
8
38
4
46
11
12
26
4
59
