25
33
34
37
24
20
17
10
40
15
37
28
17
27
6
30
28
30
35
36
23
22
14
12
16
41
30
37
27
16
27
6
16
40
30
37
27
17
27
6
42
14
36
28
16
27
6
31

27
27
35
36
23
23
15
14
8
48
20
35
25
13
47
4
44
11
36
25
15
27
5
37
24
32
34
36
25
21
17
11
20
38
32
37
26
18
22
7
44
12
36
25
15
27
5
36

37
18
37
31
18
26
8
25
34
21
37
33
20
26
9
20
24
32
34
37
25
21
17
10
7
48
18
35
25
13
50
4
27
28
35
36
23
23
15
13
43
12
36
25
15
27
6
36

31
22
37
33
21
25
11
20
23
35
34
37
25
19
18
9
60
7
31
18
8
24
1
51
42
13
36
27
16
27
6
33
34
21
37
33
20
26
9
20
8
48
20
35
25
13
47
4

22
34
34
37
25
20
19
9
25
30
35
36
24
22
16
12
22
35
33
37
25
19
20
9
33
21
37
33
20
26
10
20
19
36
31
37
26
19
24
8
38
16
37
29
18
27
7
28

10
47
22
36
26
13
42
4
41
15
37
28
16
27
6
30
2
57
7
32
15
9
76
2
41
14
37
27
16
27
6
32
1
60
7
31
14
8
78
1
39
17
37
30
17
27
7
26

21
37
33
37
25
18
21
8
21
35
33
37
25
19
21
9
6
48
16
35
24
13
54
4
15
41
28
37
27
16
30
6
39
16
37
29
17
27
7
28
25
31
35
36
24
21
16
12

35
19
37
32
19
26
9
23
10
44
22
36
26
15
42
5
21
35
32
37
26
19
21
9
18
36
31
37
26
19
25
8
16
38
29
37
27
18
28
7
30
21
36
33
22
26
12
20

7
48
18
35
25
13
50
4
23
34
34
37
25
20
18
9
30
25
36
35
22
24
12
16
39
17
37
30
17
27
7
26
6
49
17
35
23
13
54
3
14
40
28
37
27
17
31
6

14
41
28
37
27
16
31
6
14
41
27
37
27
16
32
6
25
31
35
37
24
21
16
11
43
11
36
25
15
27
6
37
31
22
36
34
21
25
12
19
45
10
36
23
14
26
5
41

22
35
34
37
25
19
19
9
28
25
35
34
23
24
14
17
22
34
34
37
25
20
19
9
23
34
34
37
25
20
18
9
19
37
32
37
26
18
23
8
9
45
22
36
26
14
43
5

59
6
31
18
8
24
2
52
16
39
29
37
27
17
28
7
22
32
33
36
25
21
20
11
20
36
32
37
26
19
22
8
39
15
37
29
17
27
7
29
25
30
35
36
24
22
16
12

26
29
35
36
24
22
15
13
14
42
27
36
27
16
32
6
12
41
26
37
27
16
35
6
41
13
37
27
16
27
6
33
23
33
34
37
25
20
18
10
36
18
37
31
19
26
8
25

0
66
1
27
3
6
96
1
57
8
32
20
9
25
2
47
28
28
35
35
23
23
14
14
33
21
37
33
20
26
10
20
62
6
30
16
7
23
1
55
29
25
36
35
22
24
13
16

30
25
36
35
22
24
12
16
17
38
30
37
27
18
26
7
22
33
34
37
25
20
19
10
23
32
34
36
25
21
18
11
23
35
34
37
25
19
18
9
3
53
11
33
19
11
67
3

23
33
34
37
25
20
18
10
13
41
27
37
27
16
33
6
6
48
18
35
24
13
52
4
11
44
24
36
27
15
38
5
0
65
3
28
7
6
90
1
60
7
31
18
8
25
1
50

20
37
32
37
26
18
22
8
5
49
14
35
22
12
59
4
21
35
32
37
26
19
21
9
11
44
24
36
27
15
38
5
33
22
37
33
20
25
10
20
44
12
36
26
15
27
5
35

4
50
14
35
22
12
60
3
15
41
28
37
27
16
30
6
39
15
37
29
17
27
7
29
37
16
37
30
18
27
8
27
9
46
21
36
26
14
44
4
14
40
28
37
27
17
31
6

20
37
32
37
26
18
22
8
16
41
29
37
27
16
28
6
30
23
36
34
22
25
12
18
23
32
33
36
25
21
19
11
22
35
34
37
25
19
19
9
31
22
36
33
21
25
12
20

17
38
30
37
27
18
26
7
10
45
23
36
27
14
40
5
28
28
35
35
23
23
14
14
6
47
18
36
24
13
52
4
6
49
17
35
24
12
53
4
16
39
29
37
27
17
28
7

8
47
20
36
25
13
47
4
27
26
35
35
23
24
15
15
24
28
35
36
24
23
17
13
41
14
37
27
16
27
6
32
40
14
37
27
17
27
6
32
14
41
27
37
27
16
32
6

26
30
35
36
24
22
15
12
24
33
34
37
25
20
17
10
6
48
18
35
24
13
52
4
41
14
37
27
16
27
6
32
30
24
36
34
22
24
12
18
39
15
37
29
17
27
7
29

0
67
2
27
5
5
93
1
52
10
34
23
11
27
3
40
6
50
16
35
23
12
55
3
9
46
22
36
26
14
43
4
45
11
36
24
14
27
5
38
67
4
27
14
5
21
1
61

48
9
35
22
13
26
4
43
2
57
8
32
15
9
75
2
24
33
34
37
25
20
17
10
15
40
28
37
27
17
30
6
19
37
32
37
26
18
23
8
20
36
32
37
26
19
22
8

10
46
22
36
26
14
42
4
2
53
9
33
16
11
73
3
49
10
35
22
12
26
4
42
41
14
37
27
16
27
6
32
32
21
37
33
21
26
10
20
7
48
18
35
25
13
50
4

27
30
35
36
23
22
15
12
12
42
26
36
27
16
35
6
31
22
37
34
21
25
11
19
15
39
29
37
27
17
29
7
39
17
37
30
17
27
7
26
43
12
36
26
15
27
6
35

18
37
31
37
26
18
25
8
25
28
34
36
24
23
17
13
29
24
36
35
22
24
13
17
23
32
34
36
25
21
18
11
25
29
35
36
24
22
16
13
43
12
36
25
15
27
6
36

25
32
35
36
24
21
16
11
6
48
17
35
24
13
53
4
6
50
17
35
24
12
53
3
27
27
35
35
23
23
15
15
29
24
36
34
22
24
13
18
43
12
36
25
15
27
6
36
